image: open_door_map.pgm
resolution: 0.005000
origin: [-5.122500, -5.122500, 0.000000]
negate: 0
occupied_thresh: 0.65
free_thresh: 0.196

